0.000000000000000
0.000000000000000
0.000000000000000
0.000000000000000
0.000000000000000
0.000000000000000
0.000000000000000
0.000000000000000
0.000000000000000
0.000000000000000
0.000000000000000
0.000000000000000
0.000000000000000
0.000000000000000
0.000000000000000
0.000000000000000
0.000000000000000
0.000000000000000
0.000000000000000
0.000000000000000
0.000000000000000
0.000000000000000
0.000000000000000
0.000000000000000
0.000000000000000
0.000000000000000
0.000000000000000
0.000000000000000
0.000000000000000
0.000000000000000
0.000000000000000
0.000000000000000
0.000000000000000
0.000000000000000
0.000000000000000
0.000000000000000
0.000000000000000
0.000000000000000
0.000000000000000
0.000000000000000
0.000000000000000
0.000000000000000
0.000000000000000
0.000000000000000
0.000000000000000
0.000000000000000
0.000000000000000
0.000000000000000
0.000000000000000
0.000000000000000
0.000000000000000
0.000000000000000
0.000000000000000
0.000000000000000
0.000000000000000
0.000000000000000
0.000000000000000
0.000000000000000
0.000000000000000
0.000000000000000
0.000000000000000
0.000000000000000
0.000000000000000
0.000000000000000
0.000000000000000
0.000000000000000
0.000000000000000
0.000000000000000
0.000000000000000
0.000000000000000
0.000000000000000
0.000000000000000
0.000000000000000
0.000000000000000
0.000000000000000
0.000000000000000
0.000000000000000
0.000000000000000
0.000000000000000
0.000000000000000
0.000000000000000
0.000000000000000
0.000000000000000
0.000000000000000
0.000000000000000
0.000000000000000
0.000000000000000
0.000000000000000
0.000000000000000
0.000000000000000
-0.000069827405644
-0.000069299492106
-0.000067653673630
-0.000064692491654
-0.000060044957317
-0.000053082378220
-0.000042725445599
-0.000026929895951
0.000000000000001
-0.000140621830223
-0.000139564574909
-0.000136263152752
-0.000130306339892
-0.000120927325129
-0.000106844827822
-0.000085895677759
-0.000054032521665
0.000000000000000
-0.000213677848070
-0.000212093688758
-0.000207133179933
-0.000198135897932
-0.000183878359092
-0.000162353585246
-0.000130277555155
-0.000081667041205
0.000000000000000
-0.000291101630980
-0.000289007257716
-0.000282423696575
-0.000270391193063
-0.000251111566744
-0.000221674062578
-0.000177496854704
-0.000110706801183
-0.000000000000000
-0.000376785111551
-0.000374225021332
-0.000366141672264
-0.000351228918771
-0.000326982117570
-0.000289140694892
-0.000231300834000
-0.000143316847649
0.000000000000000
-0.000478995876958
-0.000476054651034
-0.000466728264555
-0.000449364769614
-0.000420671416072
-0.000374794598192
-0.000300959486985
-0.000185731123233
-0.000000000000000
-0.000618495326890
-0.000615301626691
-0.000605144000175
-0.000586102236586
-0.000554263121835
-0.000502096287584
-0.000415690599041
-0.000255872906510
-0.000000000000000
-0.000894359554413
-0.000891077261124
-0.000880625870142
-0.000860986810347
-0.000827977077158
-0.000773601087491
-0.000680348231240
-0.000516616162405
0.000000000000000
0.000000000000000
0.000000000000000
0.000000000000000
0.000000000000000
0.000000000000000
0.000000000000000
0.000000000000000
0.000000000000000
0.000000000000000
-0.000119467829062
-0.000118472121878
-0.000115376249021
-0.000109834617703
-0.000101199662313
-0.000088385101645
-0.000069597202508
-0.000041746220619
0.000000000000000
-0.000240901367384
-0.000238907183956
-0.000232696799228
-0.000221548374232
-0.000204120316045
-0.000178194762938
-0.000140173434938
-0.000083942192094
-0.000000000000000
-0.000366788676209
-0.000363800564308
-0.000354468997724
-0.000337630108481
-0.000311135219717
-0.000271501106880
-0.000213251127495
-0.000127354162868
0.000000000000000
-0.000500859238383
-0.000496908711603
-0.000484524327350
-0.000462006610296
-0.000426188856982
-0.000371995572118
-0.000291767358830
-0.000173592136409
0.000000000000000
-0.000649372540272
-0.000644543728154
-0.000629339205940
-0.000601438298046
-0.000556409428506
-0.000486857280765
-0.000381935801533
-0.000226349700204
0.000000000000000
-0.000823802490903
-0.000818255020206
-0.000800714631915
-0.000768235356703
-0.000714996393790
-0.000630729217195
-0.000497880839347
-0.000294736133731
0.000000000000000
-0.001048490315890
-0.001042467001987
-0.001023364626143
-0.000987757195684
-0.000928690287333
-0.000833173467503
-0.000677108099913
-0.000407456939844
-0.000000000000000
-0.001346872376242
-0.001340681997852
-0.001321028469203
-0.001284303015514
-0.001223109215072
-0.001123354200393
-0.000957187688375
-0.000666164771659
-0.000000000000000
0.000000000000000
0.000000000000000
0.000000000000000
0.000000000000000
0.000000000000000
0.000000000000000
0.000000000000000
0.000000000000000
0.000000000000000
-0.000149007812065
-0.000147650092602
-0.000143448716427
-0.000135997579334
-0.000124537512079
-0.000107800386854
-0.000083743113266
-0.000049250097836
0.000000000000000
-0.000300830632502
-0.000298111167750
-0.000289682205968
-0.000274689696346
-0.000251552016127
-0.000217670656384
-0.000168940662152
-0.000099203322204
-0.000000000000000
-0.000458819765961
-0.000454744472502
-0.000442077960433
-0.000419429531530
-0.000384244072569
-0.000332414664722
-0.000257672696907
-0.000150929520363
-0.000000000000000
-0.000627516148179
-0.000622127926514
-0.000605316859440
-0.000575029925953
-0.000527465520917
-0.000456590399083
-0.000353581529852
-0.000206446015801
0.000000000000000
-0.000813552647418
-0.000806966428383
-0.000786328099405
-0.000748806933872
-0.000689034759280
-0.000598182076140
-0.000463664018604
-0.000269914030605
0.000000000000000
-0.001026917066326
-0.001019350883949
-0.000995544201650
-0.000951878256120
-0.000881256325515
-0.000771360409724
-0.000602063308296
-0.000350868782642
0.000000000000000
-0.001279648645845
-0.001271433744975
-0.001245509762454
-0.001197649130597
-0.001119348388082
-0.000994975455666
-0.000796876232638
-0.000471243044907
-0.000000000000000
-0.001581730825637
-0.001573288270952
-0.001546617093666
-0.001497260246361
-0.001416150114372
-0.001286391581256
-0.001075672921953
-0.000726211751141
0.000000000000000
0.000000000000000
0.000000000000000
0.000000000000000
0.000000000000000
0.000000000000000
0.000000000000000
0.000000000000000
0.000000000000000
0.000000000000000
-0.000158518090445
-0.000156924509917
-0.000152028238434
-0.000143467805372
-0.000130576945918
-0.000112227038159
-0.000086539094942
-0.000050538421210
0.000000000000000
-0.000320519072072
-0.000317326620088
-0.000307501324682
-0.000290270360676
-0.000264225692369
-0.000227034739662
-0.000174912461882
-0.000101984314808
-0.000000000000000
-0.000489900244257
-0.000485115102412
-0.000470346322707
-0.000444305228739
-0.000404665852423
-0.000347684861895
-0.000267548595144
-0.000155598390259
0.000000000000000
-0.000671387096404
-0.000665059134842
-0.000645453802111
-0.000610619172935
-0.000557002246404
-0.000478985920739
-0.000368299247601
-0.000213517207524
-0.000000000000000
-0.000870880872714
-0.000863145048654
-0.000839073828041
-0.000795914524023
-0.000728526009291
-0.000628503077437
-0.000483873369729
-0.000279772131376
-0.000000000000000
-0.001095260481699
-0.001086373187431
-0.001058606440713
-0.001008382754575
-0.000928780991648
-0.000807872727071
-0.000626317394992
-0.000362590759550
-0.000000000000000
-0.001351132301728
-0.001341482947667
-0.001311247657561
-0.001256206875371
-0.001167977347828
-0.001031275163694
-0.000819393667123
-0.000481326253953
-0.000000000000000
-0.001642230757862
-0.001632313981685
-0.001601207978009
-0.001544449027631
-0.001453072780709
-0.001310477304551
-0.001085558573237
-0.000723276977749
-0.000000000000000
0.000000000000000
0.000000000000000
0.000000000000000
0.000000000000000
0.000000000000000
0.000000000000000
0.000000000000000
0.000000000000000
0.000000000000000
-0.000148056669521
-0.000146344440514
-0.000141132469894
-0.000132197637258
-0.000119161950079
-0.000101418232446
-0.000077715681350
-0.000045440476712
-0.000000000000000
-0.000300172494590
-0.000296741415948
-0.000286278827653
-0.000268282961748
-0.000241913214979
-0.000205867760324
-0.000157606812515
-0.000091974993410
-0.000000000000000
-0.000460648697524
-0.000455504046409
-0.000439770005722
-0.000412550980201
-0.000372350621359
-0.000316943285352
-0.000242356966427
-0.000141004784311
0.000000000000000
-0.000634195355854
-0.000627389629918
-0.000606493844455
-0.000570056310564
-0.000515594411183
-0.000439470750654
-0.000335833090573
-0.000194676903215
0.000000000000000
-0.000825883876511
-0.000817561782086
-0.000791898030455
-0.000746729085558
-0.000678198804099
-0.000580335834869
-0.000444186222642
-0.000256694036876
0.000000000000000
-0.001040722160275
-0.001031159728050
-0.001001550636561
-0.000948973794918
-0.000867972047955
-0.000749478829900
-0.000577976096690
-0.000334374504967
0.000000000000000
-0.001282610602782
-0.001272227340967
-0.001239983447069
-0.001182358016903
-0.001092553569678
-0.000958491451265
-0.000758008447340
-0.000444921716378
0.000000000000000
-0.001552877647934
-0.001542206379313
-0.001509033225668
-0.001449608087462
-0.001356594169818
-0.001216732162636
-0.001003826819716
-0.000668067447826
0.000000000000000
0.000000000000000
0.000000000000000
0.000000000000000
0.000000000000000
0.000000000000000
0.000000000000000
0.000000000000000
0.000000000000000
0.000000000000000
-0.000117615867856
-0.000115868782525
-0.000110605415742
-0.000101787760952
-0.000089444999318
-0.000073775090784
-0.000055209759473
-0.000032380568217
-0.000000000000000
-0.000239920661260
-0.000236418581460
-0.000225848044492
-0.000208073541714
-0.000183061520437
-0.000151107778799
-0.000113012351052
-0.000066092878547
0.000000000000000
-0.000371691687216
-0.000366438246916
-0.000350532259842
-0.000323618148045
-0.000285393587433
-0.000236001053112
-0.000176418908062
-0.000102726870455
0.000000000000000
-0.000517782794363
-0.000510830031159
-0.000489693124691
-0.000453623302905
-0.000401703456700
-0.000333412327321
-0.000249404920415
-0.000144493873028
0.000000000000000
-0.000682909379756
-0.000674404311687
-0.000648431665698
-0.000603677565144
-0.000538199675495
-0.000449885008258
-0.000337823428475
-0.000194922740499
0.000000000000000
-0.000871135859120
-0.000861360634322
-0.000831385228839
-0.000779259001303
-0.000701742009493
-0.000594318657547
-0.000451210187946
-0.000260625520733
-0.000000000000000
-0.001085429637325
-0.001074813765838
-0.001042165053761
-0.000985014496333
-0.000898995415114
-0.000777116051794
-0.000608358966893
-0.000357213575210
0.000000000000000
-0.001326340747909
-0.001315429894599
-0.001281838462791
-0.001222896537764
-0.001133779981339
-0.001006498852316
-0.000826743459612
-0.000555785387558
-0.000000000000000
0.000000000000000
0.000000000000000
0.000000000000000
0.000000000000000
0.000000000000000
0.000000000000000
0.000000000000000
0.000000000000000
0.000000000000000
-0.000067055743459
-0.000065313113764
-0.000060108045792
-0.000051561676180
-0.000040065436931
-0.000026638432740
-0.000013483570724
-0.000006608304797
0.000000000000000
-0.000139621952411
-0.000136127808606
-0.000125670162838
-0.000108429269299
-0.000085090862258
-0.000057581348683
-0.000030216890843
-0.000014952700609
-0.000000000000000
-0.000223193484501
-0.000217949910421
-0.000202205199625
-0.000176071456732
-0.000140313512505
-0.000097493193321
-0.000053800892598
-0.000026989598464
0.000000000000000
-0.000323135013609
-0.000316192509458
-0.000295258145272
-0.000260195394530
-0.000211491073002
-0.000151808794065
-0.000088650201370
-0.000045211025719
0.000000000000000
-0.000444375837674
-0.000435880378323
-0.000410144326259
-0.000366598392834
-0.000305021436608
-0.000227238986752
-0.000140780065388
-0.000073248546358
-0.000000000000000
-0.000590885361816
-0.000581118734542
-0.000551406234683
-0.000500652399843
-0.000427615195885
-0.000332404845549
-0.000219395639131
-0.000117506573008
-0.000000000000000
-0.000764616223949
-0.000754008117728
-0.000721639444256
-0.000665971108322
-0.000584830914413
-0.000476372982910
-0.000341033127242
-0.000191569464007
0.000000000000000
-0.000968426221716
-0.000957522848667
-0.000924217324348
-0.000866797321943
-0.000782699444474
-0.000669304629249
-0.000524183635808
-0.000359879220135
0.000000000000000
0.000000000000000
0.000000000000000
0.000000000000000
0.000000000000000
0.000000000000000
0.000000000000000
0.000000000000000
0.000000000000000
0.000000000000000
0.000003945371001
0.000005681660472
0.000010850119568
0.000019267006469
0.000030392442959
0.000042880822944
0.000053426208924
0.000055115229279
-0.000000000000000
0.000001271776818
0.000004753607805
0.000015139404239
0.000032124591288
0.000054728530939
0.000080376358946
0.000102562404474
0.000107533592399
-0.000000000000000
-0.000014576480956
-0.000009350561530
0.000006289497574
0.000032047196157
0.000066719941304
0.000106783393258
0.000142803351030
0.000154363610707
0.000000000000000
-0.000049931302807
-0.000043011029871
-0.000022210942941
0.000012363765749
0.000059649782876
0.000115716963429
0.000168806338270
0.000192234980110
-0.000000000000000
-0.000110560217858
-0.000102090753529
-0.000076514578290
-0.000033557014860
0.000026296957246
0.000099652211670
0.000173762936295
0.000216723032259
0.000000000000000
-0.000201050613643
-0.000191312832527
-0.000161780617054
-0.000111696806541
-0.000040641688562
0.000049447132993
0.000147934355407
0.000220936898494
0.000000000000000
-0.000324143752233
-0.000313566334732
-0.000281391166639
-0.000226448374584
-0.000147462543950
-0.000044653587452
0.000074727519395
0.000190366820575
0.000000000000000
-0.000473588159585
-0.000462716074382
-0.000429608902624
-0.000372932660147
-0.000291061007467
-0.000183438292345
-0.000055344693015
0.000077136700227
-0.000000000000000
